10001011000000100000000000100011
10001011000001110000000000101111
11001011000000100000000000100011
10001010000000100000000000100011
11111000000001100100000001000001
10101010000000100000000000100011
11101010000000100000000000100011
11111000010001100100000001000001
00000000000000000000000000000000
00000000000000000000000000000011
10010001000001100100000001000001
11010001000001100100000001000001
11111000000001100100000001000001
10110100111111111111111110110011
00000000000000000000000000000000
00010100000000000010011100010000
11111110110111101111111111100111
00000000000000000000000000000001
00000000000000000000000000000010
00000000000000000000000000000001
00000000000000000000000000000010
00000000000000000000000000000001
00000000000000000000000000000110
00000000000000000000000000000111
00000000000000000000000000000010
00000000000000000000000000000001
00000000000000000000000000000110
00000000000000000000000000000111